5882   55
2652   97
1303   86
1019   88
5770   72
6918   56
3785   77
1761   62
6401   92
2417   81
3614   51
4613   72
6742  100
5903   69
5194   48
4199   73
4097   86
2855  100
3292   70
1960   92
2157   88
6020   72
3583   83
6921   50
4440   77
2910   98
5750   83
1762   84
4765   66
2304  100
6289   85
3946  100
3457   83
5451   87
6007   94
3882   81
6930   86
4310   66
1281  100
3046   86
1707   60
3087   52
2382   88
2749   79
5134   72
5529   94
1318   94
1273   88
2977   56
1697  100
4660   73
6933   78
1894   75
3157   79
2187   92
2623   68
6270   57
2531   77
4603   85
2707   75
4235   70
1929   75
2479   86
5171   84
1890   57
5419   90
4784   74
3328   75
1534   73
4194   88
6906   99
1063  100
3323   93
2393   95
5572   80
4884   91
3806   70
6616  100
4911   68
4434   79
6129   85
1970   74
2132   76
3865   82
5091   78
1076   65
6522   88
1549   53
6785   95
2936   76
4278   78
5522   74
5271   97
2794  100
1754  100
5711   85
6460  100
4509   71
1941   91
4941   93
2402   69
5381   88
2567   80
5916   74
4420   84
6255   67
1357   54
2860   51
2812   75
4829   85
5726   38
5675   97
1406   84
6429   62
6404   60
1379   74
3076   76
4885   70
2133   76
6127   45
5590   89
6559   53
5913   72
5991   81
4796   95
1834   62
4977   53
3506   81
1048   88
4958   94
3687   62
5775   95
4002   79
2467   96
3596   93
6062   78
4883   99
2032   84
1997   56
1784   56
1765   84
6589   86
3772   76
3827   79
4896   68
6910   88
1809   98
4672   64
3753   67
5781   79
5560   54
2960   58
2820   74
6735   91
6414   84
4764   82
3136   97
2721   86
3142   54
4060   65
3439   89
5961   86
6850   72
4667   78
6291   95
1026   79
6146   99
3392   88
1971   88
1617   89
1054   80
3214  100
6132   88
5036   90
5136   44
3040   78
3607   76
1417   88
6149   73
3974   94
5603   67
1619   88
5922  100
3848   89
3931   76
3463   84
5797   68
6606   86
3169   65
4629   81
5054   86
6079   61
3065   72
5455   81
2604   87
3348   69
6743   84
4630   90
1930   78
1585  100
6871   67
5418   70
4771  100
4970  100
3653   83
3175  100
2494   84
3553   91
3787  100
6764   64
2010   88
6469  100
1267   72
5880   90
1638   49
5866   79
3773   72
2923   67
5433  100
6913   85
2075   69
1375   72
6489   75
5332   91
3372   91
1851   62
5581   80
2797   96
5310   69
3885   89
5907   97
6497   67
5941   71
3158  100
2315   79
5471   79
2038   66
6869   76
2320   86
5396   78
2875   74
2869   68
5409   83
6779   61
5746   70
2353   74
3393   87
5350   54
6687   78
6900   82
5005   82
3795   93
3095   72
4915   77
1419   71
3814   94
3085   90
1867   67
6652   77
3835   62
3489   64
3781   69
1933   77
5576  100
3954   96
3377   70
4333   70
4450   57
4519  100
1632   78
5073   80
5652   57
2244  100
2888   77
6586   82
3334   97
3567   48
4239   94
2967   82
6313   87
1842   71
6433   60
4731  100
6537   75
5856  100
4898   90
6288   80
3948  100
6753   68
2848   84
2331   98
5863   80
1774   81
2900  100
1662   96
2324  100
4913   87
5235   61
6302   69
6328   66
3251   60
2649   80
5048   84
2305   78
1986   85
1235   81
4568   71
3086   93
5804   68
4041   92
2991   94
1710   57
3809   97
1704   76
4739   87
5583   71
2950   89
5221   84
3981  100
6860   90
1184   85
3164   66
1628   68
5763   70
1992   59
2021   81
5446   73
6240   90
2718   77
1595  100
2882   81
3469   86
3199  100
5024   87
1664   64
2709   79
2009   86
4662   84
2233   65
3288   90
4160   92
1161   80
4675   83
6016   74
6190   54
2758   79
1998   85
6145   72
2174   84
4704   71
2063  100
5709   82
3856   84
2487   80
2581   92
4930   70
1023   65
5629   51
2681   84
5728   77
4287   64
2108  100
6727   55
1254   76
3655   85
2668   89
3811   61
6927   68
4512   79
1918   85
5479   88
2779   76
5639   98
5704   89
2146   83
5738   86
2587   68
3549   75
2508   88
2056   86
1634   77
5573   70
6094   59
6175   85
4881   83
5315   95
1973  100
3227   90
4791   61
1065   62
6180   76
5846   92
3257   62
1030   63
1331   90
3268   72
3736   86
5612   85
6131   72
2471   74
3920   62
4945   92
5223   81
2945   71
6492   66
2237   93
2166   84
1554   72
1531   88
3813  100
6486   83
2371   94
6039   61
3823   75
6803  100
6684   82
5850   91
1919  100
2863   96
2982   72
4514   55
4615   94
5727   57
3388   55
1495   97
4973   90
4544   97
5333   35
2203  100
4197   67
3895   97
5755   82
4172   88
4670   79
3777   87
6151   82
4891  100
6751   74
1659   67
4803   71
5660   86
1493   89
3500   83
4322  100
3612   95
6815   74
1985   82
3067   48
6164   68
3738   77
3503   90
4683   66
1135   58
6244   59
2455   94
5836   79
5943   61
2739   70
1861   88
2197   73
5831   67
4474   79
5251   78
2298   87
1701   70
2202   72
1676   52
6886   65
5540   54
2738   80
3424   81
2671   78
4511   62
4449   75
5546   70
1080   89
1785   78
1102   46
1902   88
5462   81
1476  100
3521   80
2541   84
3939   79
2450   75
4410   79
1910   88
4567   66
2151  100
1852   83
3206   82
3513   67
3260   82
2232   87
6903   96
6340   66
4446   98
5283   88
5168   71
1818   88
1678   65
3673   60
5910   83
5032   85
3162   81
2253   73
1194   69
5115   93
1057   80
3651   74
3519   92
5187   84
3502   75
6420   75
5407   93
3039   89
5776   75
4980   91
5291   52
5275   75
6517   68
1721  100
1833   60
6437   70
2050   95
4565   83
4209   85
1708   67
3021   75
2986   77
4389   63
1033   57
6134   94
2901   71
3998  100
1096   65
6360   67
3647   84
4466   90
4143   63
5366   66
3427   79
2702   49
5385   71
4747   66
2356   95
2191   67
6080   85
2927  100
1358   73
1064  100
3242   65
5628   63
3475  100
4584   94
2125   63
4702   90
2857  100
1214   77
1650   96
3152   70
2414   77
2760   64
6680   88
1509   57
5739   82
5767   92
4598   88
3543   91
3123   56
6792   76
2980   83
1526  100
5365   71
2234   92
4967   84
4136   84
5200   97
4956   88
6045   66
1377   88
6672   84
6748   90
1374  100
6480   60
1190   84
3434   50
4714   91
6757   93
6183   67
1400   73
4100   50
2800   61
2699   87
5231   69
3817   80
5653   89
2458   55
4296   80
1968   74
4536   86
6407   79
2385   61
4273   70
2724   88
3765   90
2642   81
4086   73
4848   81
6147   76
5361   88
5459   77
1938   50
4495   70
2560   67
4219   88
4957   90
2662   78
2568   92
5340  100
3985   59
5426   80
1875   67
6253   87
4093   71
2934   79
3775   99
5959   85
2092   83
3367   75
5928   75
6006   57
5556   82
6003   67
5299   97
6780   90
1081   75
2941  100
2033  100
4673   91
1162   63
3737   63
4755   77
6246   99
2881   62
5713   85
3884   82
3404   54
1066   61
5505   72
2759   79
2259   83
3598   74
6916   62
5269   79
6746   86
2201   77
6569  100
5107   78
1141   81
2384  100
4622   80
2799   64
1381  100
5720  100
3501   92
6196  100
1544   55
2370   49
3871   91
1742   90
5619   75
6617   90
1070   72
5370  100
5060   70
1293   89
6128   91
5887   61
4390   75
2549   91
3565  100
3618   92
1984   67
1821  100
6179   73
4716   52
5853   65
1562  100
1578   91
2729   82
2148   91
6804   85
2842   87
5875   79
4982   71
1622  100
5908   94
5175   60
4572   86
5867   86
3971   74
6028   71
2394   59
2101   88
1530   75
1442   86
2093   60
5205   92
1463   68
3845   99
6207  100
6911   87
6369   78
2363   75
2858   90
5360   86
6399   96
3129   86
3556   84
2489   80
5133   66
1110   96
1976   79
4226   69
3613   75
6274   72
4490   85
6192   75
1332   76
6250   72
2416   50
5331   65
1215   70
6206   95
6834   91
3433   54
3357   96
5840   64
5321   90
3914   77
4180   58
4374   59
4127   94
5902   81
2263   97
6846   90
4443   71
1326   91
3853   71
5643   87
5076   59
4616  100
3391   77
2391   62
3812   80
6506   56
6824   81
5833   76
6818   89
1988   96
4639   68
2270   41
2564   92
5249   67
1787  100
5027   54
3642   86
3622   71
4516   66
1389   72
3706   75
5439   72
4821   95
4928   96
4532   82
2640   68
4325   80
5657   73
5514   67
2556   64
5805   71
5156   55
3790   84
2646   68
4227   73
4713   63
5940   72
4805   91
5195   89
6690   71
6703   76
1115   75
3082  100
6665   93
3298   83
6956   64
2506   65
5050   72
3799   75
6654   96
4363   61
3445   75
1315   57
2895   95
2995   84
3313   84
6634   92
1670   73
1804   77
3959  100
2973   31
2113   47
4656   49
3055  100
1157   77
4494   75
1996   46
3531   65
6354   91
2443   80
6592   63
6548   95
3869   57
5806   59
4728   90
2316   71
1646   82
1512   67
4787   77
3756   87
3824   66
2611   84
3435   84
4545   93
2696   95
3964   72
1990  100
5305   89
6624   66
3225   66
5769   84
4007   77
1369  100
3355   77
4321   81
3533   94
1610   88
4844   95
5243   69
2442   82
4062  100
5072   72
2482   74
5756   66
1965   70
2130  100
3646   87
3183  100
3623  100
5771   99
2757   74
1337   66
3150  100
1794   91
6310   82
4985   82
2917   81
2303   93
4530   87
4768   78
4533   53
6105   74
4552   65
2975   69
6698   64
5429   92
6382  100
4408  100
6707   98
4468   77
1212   77
4451   72
3113   67
1181   60
3495  100
1558   76
4594   82
4909   64
6092   77
4679   80
1641  100
5651   75
2710   85
1679  100
6756   75
1376   48
5929   64
5003   77
3308   98
4337   73
1158   77
4361   67
1250  100
6689   65
2944   73
6861  100
1540   56
1749   66
3520   61
6593   84
3874   78
6940   73
1338   76
5521   86
5441   79
4327   78
1764   78
6153   86
2805   75
1334  100
3636  100
2034   81
4430   97
6701   93
6097   67
6837   72
2119   72
2524  100
5798  100
3994   89
5970   66
1010   69
4734   98
4570  100
4855   50
2874  100
1386   93
3402   83
6674   90
2123   92
2870   96
1607   67
6142   73
3044   92
5329   73
2762   75
2782   84
2588   94
5662   95
4798   65
1175   68
1865   72
3467   65
5444   70
1365   52
4324   78
1056   87
1480   53
1948   75
2389   85
4187   94
4104   77
1321   94
6896   88
6798   80
6561   57
6210   75
5494   89
3356   77
4781   89
6591   71
5632   87
1189   84
2036   59
6078   72
5695   71
3144   92
1734   66
3784   72
5421   78
4463   84
2012   90
4132   76
6508   65
2703   83
6691   91
6590   77
1371   66
3780   93
6341  100
3955   73
4335  100
5476  100
2332   82
2245   99
6376   69
2000   71
3464   89
3719   85
1541   49
3208   88
4376   76
5952   93
3849   78
4293   89
1503   83
5536   82
5563   79
2171   72
5949   87
6221   60
1888   80
3942   81
3486   74
3807   73
3757   87
1160   50
6914   79
5948   73
2677   90
2495   68
1639   80
5209  100
4078   79
6136   42
1435   72
3678  100
2060   84
2014   64
3638   64
4225   60
6352   72
3265  100
5323   75
5977   79
6625   89
5627   79
4156   73
6040   82
5570   56
6377   62
5878   78
4720   82
2228   71
2990   88
4098   98
1071   89
4198   81
2561   66
2716   75
4057   81
3146   76
3400   73
5078   94
6269   64
6710   77
6572  100
2872   77
4129   75
1402   88
4208  100
5794   73
3448   72
2931  100
4169   81
2610   73
3492  100
4231   59
5768  100
3370   68
2823   79
3566   86
6718   65
6124   88
5512   83
1829   91
4444   66
3397   57
3399   74
1196   68
4460   91
5081   67
4889   91
3070   81
3693   82
2816   97
6931   83
5989   73
1911   89
4260   83
2283   64
3734   81
2942   68
4368   63
5445   88
1421   59
5448   87
3680   76
4811   83
3193   71
4522   88
4610   97
1621   61
6406   80
3381   69
6504   81
2533   87
6254   96
1276   62
3872   89
3274   88
1756  100
5083   65
1460   83
1574   95
1086   78
5386   59
2379   82
4252   71
1590   73
2862   77
5245  100
3116   61
6791   85
3197   77
4230   63
5812   83
5443   83
3960   70
1059   72
3544   87
6467  100
2565   66
6323   60
4148   78
3932   50
3742   70
5708   93
4856   84
4232   93
5373   94
5371   82
5543   74
1192   70
4647   93
6036   83
2843   68
4351  100
1307   84
6580   60
6193   84
5077   72
4961   58
1870   85
3836   93
5498   91
4316   86
6817   93
5645   88
4431   52
1108   75
5155   81
2953  100
3248   57
5748   79
3363   72
3859   92
2436  100
3074   97
1008  100
4694   98
4872   89
4423   59
5722   75
2735   93
2697   81
5465   60
5614   61
1213   89
4708  100
6491   56
6734   62
2372   87
4914   66
2205   80
3291   64
2562   53
1883   60
1104   91
6436   69
5244   66
1094   76
4417   71
1285   83
6810   95
5921  100
1899   55
1249   71
4969   55
1487   57
4550   73
4370   82
6361   87
2818   43
2558  100
1637   76
3041   93
6057   83
4962   72
1348   54
1844   91
5353   49
2853   68
5074   45
1568   70
1571   58
2268   60
6177   81
2543   54
2037   97
3911  100
5691   80
4860   61
6090   91
5723   73
6000   91
1397   80
2265   98
4774   85
2128  100
5818   83
3891  100
5264   71
6608   81
3327   85
4138  100
3860   80
3202   85
5599   78
4113   57
6611   84
1636   63
2830   59
5874   96
5507   82
1729  100
1951   96
6872  100
3660   71
5328   88
6786   68
2766   92
5311   87
5103   84
2607  100
5516   79
3315   90
1260   93
6755   92
4216  100
2309   59
2284   95
5473   96
1599   70
2457  100
6693   64
2368   75
3062   68
6398   85
4301   95
4153   68
1496   93
4528   82
4752  100
3121   68
2242  100
1117   74
3527  100
5159   70
4050   97
5170   77
6224   75
4838   92
1766   93
2603   77
6658   68
3294   82
1317   67
5157   76
2972   69
1349   68
6766   68
4690   69
1700   68
4214   80
1520   88
6550   76
6148  100
2514   67
6544   76
4793   51
5184   79
3536   89
6234   97
6252   65
5402   79
5098   74
2219   98
4836   70
4912   91
5782   85
1126   66
1987   81
3466   75
5911   98
6526   81
3754   88
1169   68
6498   54
1310  100
3220   74
1913   81
4555   89
3632   81
6595   83
1810   77
1078   59
6679  100
5139   96
6627   56
2055   68
4828  100
4414   86
4145   79
1072  100
5190   73
6451   78
3481   76
1147   73
5337   83
2301   98
4084  100
3230   44
4249  100
2599   74
5482   49
3702   88
2194   71
3326   79
2431   54
5574   96
2296   99
4055   73
6138   78
2432   74
4655   87
1871  100
4756   82
3594   75
2481   50
5990   82
6087   84
2540   89
4815   91
6585   68
6865   58
4865   64
5606   88
2073   70
6174   98
2768  100
5454   79
4626   89
2734   85
6442   65
4908   80
2635   81
1546   72
4063   90
4396   80
6001   97
1732   44
2185   73
2308   83
6882   73
6852   82
3137   57
1982   69
6337   80
1061   76
1459   68
6887   94
3442   92
4650   76
6108   79
4250   77
1932   63
5920   90
4311  100
6031   99
1428   84
6781   78
5796   72
4902   95
2330   49
4107   79
1654   82
2723   68
4359   78
6807   80
1128   73
6677   90
5532   77
1604   86
3841   87
3721   83
4202   94
4998   77
4452   64
2369   99
2277   91
6825   63
5668   90
4648   87
2288   56
2351   48
6371   96
5142   84
3515  100
1018   70
1682  100
3524   66
6314   81
4772   83
1799   78
4599   69
2141  100
3714   72
3332   92
1653   77
2594   63
1555   80
2554   83
1515   92
5314   99
1040   57
6760   89
4526   82
4850   85
6119   94
2700   83
5242   75
6717   47
1155   71
6379   93
4574   73
4517   87
3704   82
1404   77
6618   69
6505   71
3455   73
4553   71
4077   84
4722   56
4583   71
4992   55
4783  100
1399   57
4221   49
2993   77
5605   80
2189   88
4233   76
3022   97
6048  100
1062   74
6668   80
3138   91
6348   38
1751   91
6963   93
6233   80
1073   61
1826   61
2198   86
3056   76
4604   64
2859   85
5202   90
4816   85
6754  100
6013   69
1179   86
6937   76
2058   60
3675   89
4203   52
3983   77
1770   81
3591   78
5428   62
4754   80
2720   80
3903   77
3414   57
5351   94
2693  100
4972  100
2905   57
4824   71
5356   93
6713  100
2928  100
6170   81
4218   88
2727  100
5234   60
2591  100
5425   99
3776   71
5384   56
5702   68
1915   77
5500   73
3081   63
1173   63
2464   99
1277   72
5267   48
1486  100
1291   71
5149   77
2676   80
6667   94
4964   67
2214   67
3551   96
6042   87
1174   86
5999   84
4137   85
3297   89
5186   99
4847   87
2423   91
4479   72
3662   88
2175   78
1702   73
2473   71
1640   81
2340   66
1625   71
4070   82
2235   89
6651   96
4481   66
6720   75
4348   73
3444   68
6214   85
6023   80
2463  100
3733   77
1753   85
6639   90
2117   53
1505   79
5799   85
4948   67
4108   96
3261   73
6838   74
4354   77
3470   81
2747   89
1684   55
2057   72
1241   78
4154   63
1268   67
6367   68
3281   99
3958   68
2048   64
4726   91
1127   71
3588   68
3458  100
5085  100
6762   89
1793   54
2200   75
5489   70
5915   66
5182  100
2708   84
5621   81
4832   55
5026   80
6391   81
6827  100
5877   60
1692   78
5106   79
6621   65
2080  100
3272   75
4122   76
4646   91
2636   92
6121   62
6336   95
4893   74
1207   92
3529  100
4719   74
1576   83
2434   71
5478   64
4091   68
1885   84
6043  100
3096   74
6052  100
2920   66
2163   98
3353   84
2572   85
4399   71
3078   70
4397   71
4247  100
1363   65
3103   71
6700   97
1499   72
5615   92
6014   64
2695   72
1489   80
2266   87
2809   59
6643   39
5579   89
3101   92
6520   62
1401   66
2915   76
6656   72
5257   83
5888   86
6942   82
1600   88
3365   71
1714   71
3699   58
2534   96
4634   88
3761   60
6292   44
5743   51
3255   57
3967   67
2850  100
3918   80
1869   82
3454   63
5810   94
3396   59
6095   99
3774   91
6511   71
5359   81
3893  100
4539   67
3778   44
4810   42
5282   68
2498   73
6962   70
6160   85
1841   98
3585   73
2715   71
2365   79
1963   76
3465   77
2052   82
2769   67
3006   58
5499   82
2865   43
5064   90
3821   81
4520   73
1229   71
5222   91
2236   65
3059   81
6294  100
2639   59
2475  100
2529   52
6793   68
1586   60
3189   75
5137   87
3707   71
5779  100
4645   66
4067   67
4299   77
5972   98
5355   91
3172   79
5070   70
3250   93
4101   96
4336   83
3877   77
6165   66
3539   74
3077   80
1545   65
6536   86
6334   90
1824   75
6723   66
3304   69
6655   75
1015   76
5772   59
4326   70
2925   84
6278   88
2294   91
6287   99
4066   67
1091   75
6413   63
6566   96
3218   84
1542   70
6573   99
6427   49
1735  100
5851   78
5279   86
6059   83
2545   89
1643   64
2932   95
3178   90
2067   62
4030   66
3908   86
3816   81
4061   82
6091  100
3234   95
6521   79
1523   61
5411   95
5966   49
1284   83
1183   71
3681  100
3690   72
5278  100
3751   84
3643   99
5905   97
2192   87
3899   79
6285   72
2341   91
6219   62
2714  100
2576   67
1322   91
4261   75
3708   93
4609   98
3031   83
6239   79
1055   53
4131   68
1889   95
3035   99
1165   67
5212   65
6806   94
3207   78
3561   59
5747   93
4069   72
3720   72
4638   61
4346   70
5778   85
6262   64
6100   83
2412   83
3233   79
4682   57
5284   72
1581   91
3819  100
6556  100
5808  100
5752   69
2230   81
5607   95
1123   83
3052  100
4637  100
4701   69
6473   68
5292   51
4163   74
1672   91
2158   94
2131   69
4766   69
4340   81
2401   81
1225   94
3522   57
4999   78
5123  100
6794   80
6162   93
2788   57
2573   83
2383   72
2651   74
4763   87
6424   68
2334   62
2602   88
4560   98
1220   84
3919  100
4806   74
1807   60
6630   89
3979   48
3581   67
2223   53
1830   65
5773   61
4477   86
5835   53
5480   60
5594  100
1760   76
5164   58
6671   86
1687   78
1815   98
6447   71
3792   90
4601   53
4743  100
1380   89
5525   65
2808   64
2803   65
6054   51
2678  100
6299  100
1771   97
5759   49
3460   76
6236   73
1409   86
6777   64
6217   86
1946   67
2814   94
4740   74
4264   84
4334   54
1216   73
1129   70
4871   98
1198   72
5035   81
6083   96
2526   78
4597   77
4253   99
2965  100
4541  100
1464   79
1146   92
1346   90
1367   64
5346   77
4861   86
1351  100
4503   89
1452   91
1156  100
4458   48
1663   73
2388   86
6356   85
5791   82
2704  100
2948   66
3615   89
3461   77
1757   50
4794   92
3990   87
3406   64
6025  100
1964   57
5596   73
1477   78
4939   91
4920   82
6482   73
3320   74
6599   60
5130   71
2044   71
2955   85
5568   89
6796   99
5974   75
4173   97
2755   54
1880   87
2491   66
4383   81
6158   85
3091   77
1288   85
6919  100
4588  100
3249   66
4699   89
2725   68
3610   76
5160   82
6223   72
2660   40
1336   80
5495   57
6370   95
6799   60
2210   65
6772   90
6598   69
3694   86
3952   60
2438   81
5246  100
2314   80
2650   68
6417   96
3098   79
1114  100
1140   87
1413   76
1353   67
6439   45
1750   97
5287  100
3759  100
4983   82
2892   90
1228   68
3153   83
1083   88
4934   97
5895   67
2377   69
5121   77
4703   87
1858   64
1567   70
3054   82
4291   57
6271   80
4054   75
5745   74
1878   97
3797   57
1163   73
5417   89
2811   64
6571   88
2841  100
3398   92
5777   99
4052   91
5320   69
3484   62
4581   76
1746   66
6600   66
5530   86
3770   76
4034   92
6864   88
2940   87
1005  100
1778   45
6457   96
2083   82
3547   92
2906   64
3663   93
4897   77
2852   92
4946  100
3347  100
4748   89
4251   78
6925   90
4504   87
2088   57
5847   86
3658  100
2001   77
2168  100
2247   69
1093   55
4456   89
5092   83
4951   60
1202   87
5347   94
1755   80
5595   70
4366   64
6449   66
4543   91
4179   97
1490   88
2510   85
1180   94
3476   80
1601   69
3264   66
2786   82
4047   61
2512   76
2087   95
4195   85
6955   61
4979   64
6895   72
4758   67
2190   67
5063   69
6034   76
5814   97
6948   91
5378   76
3709   78
1694   96
2530   82
1013   81
1393   96
1262   56
4385   84
5044   72
2039   91
6109   98
1849   73
1559   56
4438   63
1079   58
3119  100
5622   84
1623   71
6558   65
6768   70
5126   85
3609   88
6258   74
4471   99
4981   74
1594   77
6154   72
1335   81
1615   94
1253   92
1265  100
6293   80
3338   83
2081   57
3740   53
3624   68
6725   80
2317  100
1786   61
2914   48
1705   94
1296  100
3390   71
2839   73
2212   77
4120   91
6171   74
1863   83
4894   79
5228   75
4177   91
2466   67
2430   84
5484   65
5714   66
3132   83
3236   57
4018   92
4039   95
1593   77
5857  100
5250   86
4174   82
2783   62
4276   71
5950   93
1926   73
3358   62
5254   69
4220   71
3943   88
3574   76
1522   83
4271   73
5690   57
3387   79
5369   66
3758   82
2787   91
2061   99
1482  100
4523   78
4102  100
5624   79
6324   76
6535   99
4212   94
4362   90
1898   84
1726  100
3528   84
3270  100
3339   67
5839   71
6204   90
3426   88
3744   64
1049   50
5401   46
1301   84
4573   75
2295   86
5276   86
4386   92
3834   67
1340   97
3590   61
6699   75
4274   68
2111   54
6859   67
6282   76
4167   65
5300   99
6106   56
5066   74
6077   49
3641   72
1454   76
4700   88
5918   75
5994   99
4506   71
1947   88
1847   80
2497   94
2437   98
3973   93
4693   92
3147   68
3664   79
2220   88
2408   63
1788   65
5110   69
6763   71
1423   61
4464   61
2399   59
5858  100
5586   67
4317   48
6876   71
5393   83
6915   85
5807   98
2367  100
5145   82
2182   50
3861   75
6829  100
2387   83
3277   66
6107   38
3239   47
2004   65
4529   87
5492   68
6856   96
1159   72
3631   82
6297   71
4065   75
3552   92
1548   77
1387   79
1333   95
3306   94
4949   91
4880   74
1176   39
4004   91
4435   91
4831  100
6775   87
2211   80
5832   86
1360   85
3300   89
4899   77
2682   65
5463   75
1171   84
2249   81
6466   62
1730   70
5944   62
3898   71
4223   73
6422   55
1239   87
1737   93
1699   72
5513   96
3149   91
4636   72
3314   80
2571   54
6114   64
5826   73
2002   69
2407   68
1279   76
4518   84
3345   70
6901   51
4484   82
4341   82
3789   69
5535   66
6584   74
1975   69
1800   71
2086   93
4540   58
6609   76
5883   81
2454   99
6290   52
6728   85
4095   80
2570   88
1589   85
3788   57
6120   75
1294   82
3071   81
2868   91
4812   84
2403   75
4738   99
4834   98
2801   72
4640   81
3526   46
4852   93
6038   47
3924   86
2138   93
6364   71
5408   95
2522   82
1887   80
6809   73
3311   85
1395   68
1779   91
5873   61
6002   73
6647   86
4248   75
1806   99
5248   66
3881   67
5578  100
5634  100
1150   99
6448  100
2323   70
5725   88
5600  100
5404   69
2049   78
2527  100
6133   70
4133   64
1403   82
2188   73
5787   72
1536   84
1781   88
5274   90
1853   96
3676   89
2547   88
3727   68
5567   82
4671   79
4275   85
4000   67
3490   71
3940   99
3111   77
5382  100
2742   80
6575   80
3541   68
6549   75
4689   84
6295   67
5056   64
6474   85
1500   92
1696   96
3897   94
5201   95
4643   68
4042  100
2907   75
5399   93
6195   90
5161   70
4548   80
1939   88
1805   70
3668   78
4099   88
2085   84
5733   95
3245   82
2903   81
1113   90
4874   56
4633   68
6209   62
1366   73
1017   88
5732   87
3545   69
3209   72
2071   75
1553   83
4674   79
4094   98
5362   97
6056   97
5790   75
2011   70
6485   59
3517   98
5109   55
4618   79
6950   73
6507   73
6378   75
5086  100
3843  100
6468   79
6822   75
4267   96
4966   91
3750   88
2145   89
1588  100
1087   87
1556   88
2878   63
4736   86
6390   87
2054   79
2633   64
3410   81
4780  100
1813   80
6140   64
4401   94
5697  100
2711   75
5389   95
1219   78
2015   91
3980   60
6554   66
6857   76
4551   67
2311   59
5539   89
6089   64
3135   74
4290   80
6411   96
2670   79
1314  100
6419   74
4750   84
4887   79
3794   72
5640  100
4329   62
6845   87
6928   85
6941   92
6912   85
2134   86
6227  100
5295   59
4585   89
2764   66
3318   91
6273   74
6241   68
3090   88
4012   68
5575   67
3587   83
2597   79
5317   63
3058   70
5588   82
4654   71
3755   69
4152   64
4561   77
2352   63
5762   87
1209   74
4350   79
3170   51
2807   64
3459   71
1836   83
5096   99
6317   81
3562   90
2552   73
4666   80
4422   74
6683   85
4614   47
5339  100
3362   82
4188  100
1955   62
1424   93
5868   78
6409  100
5270   74
6471   90
1022   53
6139   84
6415  100
4886   89
2834   95
2690   74
4079   79
5934  100
4369   82
1893   87
5992   87
6185   79
6368   81
6623   45
3684   59
1972   95
3380   68
3368   71
1816   82
6465   65
3033   80
5286   54
3838   61
2795   83
5475   93
5252   96
4868  100
2439   92
1286   70
5216  100
2580   69
3644   82
1671   82
1850   76
2448   94
1100   86
1255   89
5372   84
6084   66
5698   59
3697   72
5022   77
1655   76
6318   79
5229   69
6875   64
4473   87
6351   78
5163   77
5933   90
2064   75
1521   67
1516   77
6481   69
3723   72
2518   86
6811  100
3007   73
1238   78
2424   79
4659   82
5537   80
6189  100
1504   77
6393   87
4049   94
3900   55
1656   95
4020   75
5815   78
5912   68
1282   84
4712   70
4439   72
2094   68
2978   68
5302   74
6730   69
5277   82
1224   78
2018  100
5226   73
6959   64
1410   96
1959   79
3246   91
1478   82
5637   80
5117   64
2544   87
6648   57
6276   70
5497   69
6706   78
2976   89
4623   92
3961   70
3221   52
4189   93
6331   74
5523   61
6260   87
3685   58
5131   79
5553   92
4201   83
2983   55
1256   87
2536   71
4306   82
6387   67
1186   79
5685   78
2802   74
2728   79
5273   75
5218   72
2173   80
1384   79
2313   95
6812   73
6099   79
6446   92
1109   62
6519   90
3905   86
4709   59
3488  100
1153   85
5822   82
2070   91
1362   77
6715   73
5309   86
3798   89
4802  100
2655   63
6670   73
6202   61
1832   98
5760   79
1415   55
1446   63
1006   80
5737   71
1839   62
3473   81
4919   76
5485   75
5158   74
5406   66
2994   59
1252   86
1967   69
1302   83
2954  100
2267   84
6525   61
1519   71
2641   76
2732   72
3783   87
2601  100
5774   82
1441   75
2505   98
2152   57
2880   71
1473  100
2525   66
3094   76
5555   93
2274  100
5001   66
1475   82
1028   72
2273   47
3988   58
5021   60
2861   97
5211   53
1649   91
1306   95
4922   82
6524   53
6682   74
3181  100
2822   93
4270   70
1681   84
4976   66
2291   58
5849   84
6075   78
1483   89
4698   82
1416   73
2987  100
6428   66
4382   72
1134   73
3949   71
6363   80
2625  100
5960   76
6512  100
5504   81
2871  100
4936   67
3108  100
6010   84
2685  100
2366   76
5368   87
5716   89
5930   76
5803   95
2207  100
2109   73
5518  100
2970   74
6284   76
1720   70
3341   89
2804   95
1039   77
6111   86
2701   77
1645   85
6661   73
1769   68
5538   63
2683   82
2537   66
5844   54
4907   77
3608   52
3523  100
4445   82
4691   79
6005   40
5650   43
4158   78
2490   68
1583   60
2751   49
3802   60
6432   70
6024   53
1565   64
3026   79
5638   88
2292   84
2647   99
6037   66
5620   99
5659   68
5288   97
4729  100
2183   84
4797   75
2951   61
2502   81
1208   86
4025   69
5118  100
2159   76
2418   73
4846   77
5166   95
2066   72
6443   76
1884   81
1713   86
6528   96
6574   87
5084   56
4605   70
3499   59
4538   65
4272   52
2959   93
1290   56
2124  100
1095   89
2451   63
6421   85
5947   61
5062   90
3053   91
6308   85
5079   66
4785   82
4817   77
6945   70
2507   84
1154   81
5198   81
6263   85
1251   70
3171   53
2520   74
2016   83
1739   81
3731   97
5297   93
3330   51
4990   66
6141   70
5129   77
5265   79
1570   93
2563   60
6597   87
5962   98
4658   80
5358   86
4269   84
3606   74
4044   60
5687   74
6568   77
6885   92
2539   95
5394   65
3630   46
1905   92
5554   95
5033   89
4697   95
4994   99
6602   70
5486   64
2689   88
4332   91
5980   93
6339   90
6946   81
6032  100
6579   92
2889   99
1037   68
3910   73
4741   67
1733   78
3710   71
3025   74
6026   84
1132  100
5405   91
6739   82
5528   75
2897   71
5793   85
2013   89
4746   61
1258   92
2074   98
5984   93
3739   74
1178   82
1731   63
4779   64
3237   90
1912   81
6907   79
1002   73
4867   90
4491   72
4074   60
2628   79
3894   80
4767   53
3336   84
3752   73
2069   94
6770   82
5061  100
5322   80
6926   61
3154   57
3184   90
3735   71
2199   89
5203   94
4297  100
6712   78
3010   63
2337   64
2937  100
5452   99
1034   88
2478   75
4788   86
3289   89
4418   86
5173   79
2180   94
3254   94
4664   94
6326   89
6847   82
6704   90
6577   73
2985   63
3965   80
4952   63
6402   88
2899   66
3462   81
3322   55
4493   49
3593   76
2566   82
6166   81
2121   83
2409   83
4808   74
1116   81
1648   84
5670   67
2770   91
2177   75
3048   79
6961   82
4353   91
5707   67
5434   36
3546   62
5144   76
4395   81
2992   97
5665   94
1003  100
5611   61
6819   74
3235   82
4437   96
6156   67
5688   78
3997   61
1020   70
1067   81
4262   78
2375   56
6249   70
1068   69
5012  100
6514   67
2500   75
1465   77
3629   55
3366   67
6085   41
3944   76
3125   81
3600   73
2608   88
5388   78
1802   73
1319   86
1125   97
4149   84
5256   72
5983   88
6476   86
6350   68
1819   88
5526   80
3282   79
6622   86
5834   94
2251   81
5547   71
2833   88
5548   80
2930   48
3883   61
6176   99
2584   92
6245   84
4001   85
5416  100
3378   69
5954   63
3384   72
3109   67
4792   78
4795   73
1658   71
2154   96
6638   73
5154   83
6604   96
4721   58
1814   86
5055   86
4342   68
6272   63
5715   71
4103   45
1234   71
2793   69
4279   68
3892   88
5604   50
5041   65
3456   74
3299   69
4088   94
1185  100
1313   82
6719   95
1606   67
3953  100
4330   83
3512   86
5442   93
2911   65
6594   62
1412   60
2756   98
6664   76
5319   94
6008   97
3743   63
1825   53
4759   73
3042   75
4205   80
1105   89
4022   74
1693   84
6358   84
5598   76
2511   66
1937   71
3870   73
1343   57
5104   76
3428   83
6848   79
3364   72
5030   88
1275   83
4762   80
1352   82
6110   89
5825   85
5860   67
4649   84
2674   93
4402  100
1680   89
6675   91
4892   64
3394   75
1370   68
5734   66
4015   57
5824   58
3020  100
2582   76
4393   87
1481   82
6470  100
6264   59
6957   98
6041   76
5470   69
2938   92
5046   65
5432   69
6208   57
2835   84
1944   89
1378   99
1364   90
6279   58
1943  100
1817   89
4118   74
6863   81
3191   54
5127   68
2609   69
2666   80
2998   88
6490   70
5128   75
3023   71
6388   84
5239   83
2548   95
2637   80
3223  100
1945   74
4790   63
4196   63
2515   58
1582   92
1283   68
4242   90
1501   92
3107   90
5561  100
6463   76
3805  100
5233  100
6381   68
3818   69
6021   64
6305  100
2338  100
4926   72
4147   81
3582   72
6494   73
1328   80
4566   86
4499   76
1741   58
1462   99
4111   85
1837   64
1897   64
3637   89
4687   81
5391  100
2380   66
2613   76
3155   99
3286   97
4505   69
3382   79
3923   78
1085   61
1698   85
2040   82
4328   63
5067   71
4360  100
1242   82
5094   45
1743   79
2826   86
4207   85
4462   98
2435   75
2569   87
6708   60
1330   61
1958   70
4236   78
4823   91
1009   55
5534   72
1498  100
5013   68
6033   77
1935  100
6503   85
1685   58
2726   81
2648   92
6788   47
4825   90
1246   69
6782   82
5308   90
2342   69
6880   73
2428   71
1597   77
4706   68
3599   69
6552   76
2555   93
3114  100
5380  100
3431   86
6343   63
4021   88
2299   75
6022   92
2622   93
4090   86
4542   75
1999   81
5870  100
3929   93
5293  100
4724   78
4032  100
4665   64
3857   59
4987   79
3652   77
5114  100
1074   83
2887   86
5403   75
5865   64
5488   90
3691  100
1236   93
3504   84
4378   69
4986   82
4349   83
1740   84
1706   57
4318   65
6833   46
5939   62
4372   86
6844   80
3628   82
4625  100
2024   60
2276   81
4975   83
5764   68
1271   96
4024  100
5147   90
1456   81
5258  100
2919   91
2184   86
5080   66
4453   96
3279  100
3732   55
3201  100
4447   61
6578   74
3305  100
5189   88
6801   88
1845   69
5601   82
5881   80
6167   61
3602   85
5191   74
2421   65
3878   93
5344  100
4929   73
2817  100
2339   86
2413  100
5177   60
5436   91
4365   86
1269   75
5909   72
6169   82
5152   80
1232   88
3256   70
3106   86
6642   80
2312   79
1584   78
1324   54
4501   54
2453   64
6538   72
2076   87
1618   70
6562   71
1840   91
3436   64
3029   76
5828   85
1027   82
2425   72
6696   63
6949   56
2996  100
6533  100
2281   95
1106   82
6614   85
3747   94
3982   69
2847   66
2445  100
6301   81
6488   76
1524   69
5029   51
6157   74
1492   85
5951   84
4425   79
1408   72
3205   85
5533   90
5065   80
3640   89
6155   87
1145   97
2222   92
2894   92
3887   61
2616   99
4910  100
4469   61
5146   84
1527   79
6778   89
1767   75
4480   66
5285   89
1954   81
5398   90
4830   74
2153   86
5674   86
5566   76
2815   50
1012  100
5717   77
3182   91
3863   80
4592   83
2626   87
6375   71
4705   86
1051   73
1909   89
2929   73
3017   90
4582   65
3725   92
2974   74
6541   83
4096   86
5343   61
4888   70
5051   83
4027   83
6332   89
3375   48
5025   94
5313   84
4916   66
6920   87
1577   90
5204   81
5552   87
4211   79
1344   65
2761   77
1661   51
4725   81
4497  100
3886   53
4193  100
2433  100
1218   63
6035   46
2440   48
1041   99
1204   72
5122   76
2513   70
2586   81
5169   57
5630   94
3420   79
5007   78
1666   78
6086  100
4058   58
1895   65
4407   93
1513   68
3635  100
6286   79
3049   91
1082   74
6462   83
3564   90
5180   59
3832   55
2208   97
6304   85
1391   92
5987   75
1182   93
5327  100
1356   95
3247   86
1031  100
2089   93
5019  100
5097  100
2196   81
5260   94
5859   83
5682   37
1962  100
2961   73
2095   79
2600   69
5458   63
4400   86
3724   71
3352   91
1167   99
3412   67
5946  100
2286   79
6954   79
1372   83
4343   55
1978   66
5672   87
5075   78
4304   83
5842  100
1508   90
6325   93
6197   61
1308   59
4186   51
4185   78
2476  100
2773   78
5210   51
2856   86
5307  100
4377   67
1855  100
3762   71
5392   88
2327   88
5376   86
3275   93
3280  100
1922   77
2593   73
6721   62
3190   82
4944   47
6774   70
4841   68
3047   92
5700   61
4128  100
3068   96
4411   98
2031   97
3995   81
2503   71
2813   93
3969   87
3597   88
1077   77
5597   58
2519  100
2771   77
4124   97
4292   62
6545  100
5932   60
3229   83
6102   74
5985   48
3844   71
4733   65
5363   95
5338   92
2488   68
4760   83
3215   86
3450   81
4642   78
6646   84
1210   81
6116   54
6750   81
2867   85
1703   76
2261   78
3665   99
5039   94
2280   81
3008   75
3540   76
2891   76
5483   71
5456   79
2029   84
2472   72
1195   82
6431   82
5741   54
6362   77
4089   72
6283   77
3889   93
6066   74
6529  100
3165   70
4241   82
1455   72
4258   72
2129   64
2147   64
5642   63
1014   66
2553   98
3876   87
1907   71
5783   95
3351  100
5647   94
1240   87
3032   99
1507   88
6055  100
3654   87
5730   97
5625   40
2939   69
1047   90
5304   87
5789   94
2258   87
5993   81
2078   68
6645   76
5510   65
1119   88
3862   77
2664   86
4624   70
2630   54
5754   96
2785   59
3950   83
2468   90
3196   75
3926   84
6795  100
6237   75
3909   73
1263   69
3906   72
1759   98
6737   76
1613   87
1453   98
3324  100
3411   79
2828   96
6636   90
5925   85
4234   70
1675   65
1873   80
4826   62
1609   80
4840   67
2072   95
6932   96
6071  100
3060   77
1420   73
6113   71
3875   86
5496   68
3828   70
4853   74
5207   81
5009   79
3083  100
3019   78
4036   92
1280  100
2118   65
4876   64
6576   91
1444   97
1796   48
2509   81
3700   83
6644   76
4314   99
6434   65
4357   68
1484   56
4628   91
1025   71
4546   79
4403   67
5671   95
5701   57
5661   70
2477  100
3419   75
5255   77
5919   84
5890   96
4192   61
1021   91
5813  100
3437   88
3854   64
1642   70
2904  100
2160   75
1550   87
4571   78
3975   76
1257   79
5023   88
4320  100
3554   86
4608   46
5138   75
3535   51
3822   96
5424  100
5011   94
4356   88
6870   85
1004   85
6771   62
1193   90
2381   76
3043   78
1535   85
6355   53
2224   89
6714   64
2784  100
4606  100
5862   84
2164  100
6587   75
2446   79
6862   75
5696   83
3143   94
3935   85
2656   69
6242   71
6874   61
5227   92
6581   60
5963   86
2302   71
1052   85
2306   70
4686   79
4144   89
3122   77
1667   62
2098   86
2395  100
5176  100
3310   79
5519   78
5705   87
3621   92
2827   82
6137   79
4112   82
3508   86
3951   67
1466   76
6705   88
3722   91
2486  100
5047   75
3422   91
3231   89
3649   59
1124   84
2598   65
2854   96
3639  100
3873   61
1942   79
6184   60
2459   77
6732   87
4033  100
1683   73
3018   39
2736   83
6159   66
2429   67
2981   80
3930  100
2577   72
5093   84
2127   58
4732   91
6821   66
4695   67
4071   74
6787   63
5296   34
5837   69
2041   75
3037   91
2957   90
4569   78
4355   84
5616   79
5237   81
3430   79
5869   68
3645   72
6500   70
5656   96
4851   48
5153   87
5348   73
6826   51
6394   73
4595   80
1497   74
3648   48
3312   91
2090  100
2139   69
3534   78
5721   84
5453   80
2538   84
1566   86
1877   92
5111   71
4387   94
4535   85
6831   72
2672  100
4244   66
6231   82
5923   59
5879   68
2984   79
2964   96
5018   87
5855   79
5736   74
5165   89
2255   89
4082  100
6338   80
3013   84
6738   86
3188   70
2104   89
3831   63
6890   79
4014   84
5042   77
1092   65
6726   71
3075   65
6557   87
4515  100
1862   96
1772   85
1305   77
1719   55
1657   79
1327   90
1226   73
6321   66
2221  100
6238   64
2781   71
4947   92
6226  100
3705   83
1111   61
3057   59
6702   69
1994   84
6074   70
4507   83
1993  100
4937   84
1782  100
4933   68
1916   88
2150   89
1931   98
3198  100
6315   66
1864   99
3763   86
4903   62
2047   98
4483   66
1245   90
2046   81
3711   66
6353   62
6635   83
2360  100
1677   76
6628   99
5938   77
4882   88
3438   83
2578   80
6583   84
3452   84
3284   79
5172   87
3176   94
5937   73
4419   79
3904   98
2216  100
4776   59
5367   80
2285  100
4786   56
3901   74
2485   70
2272   78
3262   92
1032   93
5469   93
4315   92
5703   74
1611   74
2767  100
5753   86
2287   99
3141   87
4116   83
5901   51
1688   84
5090   84
6081   86
2169   84
4995   76
2772   90
1233   64
5872   95
3915   65
2144   73
2966   97
1936   69
6123  100
3258   79
4602   87
4289   66
6392   96
4870   58
6547   88
6523   87
2318   77
6191  100
1966   63
1953   75
6843   75
3112   73
3530   86
2796   90
4782   59
1660   94
5979   66
6657   79
5206   86
3999   97
3167   80
2776   69
6790   99
2733   76
6218   74
4075   84
3425   74
3349  100
5997   87
3131   85
1320  100
3307   58
4890   82
5864   71
3800   63
3839   89
1042  100
2836   85
4489   79
2386   72
5964   65
6958   69
5936   83
4668   78
5387   62
2943   76
4038   75
4854   83
6745   72
5955   78
5542   59
5841   64
6542   84
5751   79
4953   80
6384  100
5531   78
4556   87
1287   64
4875   68
2484   71
4931   80
5861   73
3110   81
3100   92
3064  100
4496   62
6125   61
4873   67
3679   49
4237   70
1191   40
6902   79
4010   70
2441  100
2790   84
1300  100
1591   78
3128   87
6229   54
2952   79
6551   95
4707   74
3650   88
1718   66
4303   64
1901   64
1956   75
1187   93
3682   51
5435   89
1382   83
2469   85
4442   94
3186   91
6716   88
4723   81
4427   70
1828   95
1261   92
4842   85
4500   73
4751   89
4404   76
6015   77
1808   81
1626   77
5224   39
6201   71
6853   92
3072   85
5120   91
6307   82
1940   74
3036   78
1427   76
2026   86
6345   78
3890   90
2140   58
5681   71
3069   95
2176  100
2204  100
4596   84
2575   88
5326  100
6805   70
5971   78
3293   75
4677   96
1748   85
4313   77
6605   84
1803   72
2346   84
6909   84
5889   93
2282   68
5263   79
6509   87
6797   71
1752   63
4991   55
4631   71
4125   60
2592   96
2068   75
1592   66
5956   72
3846   99
1934   88
2218   67
6816   85
6840   98
3716   72
3941   94
6922  100
3000   59
3829   77
2913   79
2605   78
4804   65
5884   62
5280   72
3342   88
5089   51
3369   56
2373   83
6256   87
1438   76
6373   90
3244   92
2053   76
1359   87
3105   89
5477   84
3038   70
2358   86
5926   78
4770   77
4809   69
5635   77
5816   87
1222   72
6878   72
3296   70
3717  100
1388   69
6329   74
2849   50
6320  100
5693   71
6631   92
6678   72
6072   83
3491   67
3174   78
4268   76
3991   90
3408   73
3880   90
4277   68
6096   99
5544   72
2971   74
6058   96
3413   52
3837  100
5450  100
1900   83
2335   95
2114   60
6659   79
4117   83
3474  100
2452   89
6135   65
1152   98
5357   83
2051   74
3559   92
5967   58
5988   95
4380   59
3494   72
6082   78
5551   41
1673   72
2019   72
3605   68
1200   84
6266   84
2376   60
3479   92
2025   55
6540   87
4524   93
6268   95
6203   79
6858   81
4228   84
6385   73
1274   91
2328   51
1668   67
4467   76
1479   59
6632   87
6560   62
5290   98
6357  100
4053   85
5330   69
1341  100
3850   98
2269   59
1120   77
2698  100
5197   99
2590   76
3996   72
2279   90
5757   83
5102  100
6445   85
3498   91
1035   66
4866   67
5493   77
3011   71
2215   74
4879   67
1957   90
6346   87
4547   45
3957   78
2362   69
2638   72
3617   81
4557   74
6118   66
5449   74
4669   81
6892   61
5852   59
3970  100
2753   64
6830  100
3211  100
6898   67
1138   95
3667   79
5591   76
5119   77
4433   84
4476   83
3595   54
4472   90
2126   85
4482   97
3271   81
6891   82
3966   89
4288   92
3166   58
3401   81
2958   84
2225   87
4575   65
6410   75
1927   90
1172   75
4106   57
1101   73
5135   80
5896   84
6230   83
4932   79
5792   84
1712   79
1633   71
2357   73
6359  100
2713   86
2792   89
6744   73
3620   77
3395   77
2535   82
3192   73
3604   64
3921   97
1221   94
5230   80
1139   88
2030   83
2065   75
2447   82
6531   56
2404   70
3769   82
3084   78
6441   65
3686   87
2918  100
4993   89
2136   75
6425   64
1136   57
5196   80
2840   81
2665  100
4426   67
1949   93
3633   60
2884   75
1029   74
3493   91
3978   85
6009   89
5472   67
6626   66
6418   75
4238   80
5108   80
6662   67
4023   73
4358   77
3896   64
3354   66
1201   64
2846   94
6130   95
5801   90
4801   90
4265  100
6306   68
2669   73
3555   73
3497   99
1099   69
4641   80
5848   70
1983   77
6731   69
2579   63
4680   86
4996   85
1904   56
2103   91
5631   80
6749   78
1614   49
1543   67
3088   94
5761   89
2909   92
4627   86
3449   78
4661   48
6776   61
5413   86
4081   89
1347   63
4963   84
5582   70
3718   71
2663  100
3514   90
3325   80
4213   78
1131   87
2949   83
4415   87
2922   92
3745  100
2392   69
3453   89
2411   73
5178   45
3232   80
3977   77
2344   68
6298   68
2643   46
1311   65
4849   86
4498   87
3858   88
5927   71
5511   82
6951   79
6186   75
2831   89
6012   61
3252   65
3580   85
3913   84
2706   83
1448   67
4176   86
1431  100
3333   57
2348   67
6724   45
4711   88
5253   78
4681   61
6405   80
1695   76
6539   80
5272   82
6832   65
2780   60
3713   90
2260   86
6603   63
5871   90
5706   77
1011   81
6610   72
3317   53
4486   63
5095   71
6205   80
3321   75
1532   66
1166   99
6649   74
2427   93
2405   91
4927  100
2885   84
3634   90
3423   76
3027   84
5973   93
3820   58
1237   58
3782   69
6929   82
3589   83
5225   97
5214   65
5345   79
4968   85
2877   88
5045   81
2680   54
3290   73
3373   86
1691   62
4735   86
5100   94
4130   72
6673   55
2345   67
3796  100
6277   53
2740   88
4263   86
2378   92
6019   73
3337   93
1143  100
2289   84
5699  100
4072   92
5040   64
1635   89
3927   94
3947   76
4742   58
3867   80
4005   66
1440   91
3014   83
6867   89
4037   63
1575   91
2116   82
5609   71
1518   99
6518   90
3217   68
6267   64
5897  100
4339   65
3786   55
2744   85
2731   77
2595  100
5179   48
6126   76
1168   57
3099   75
5466   81
1488   77
1090   79
2028   91
3741  100
5141   88
1820   93
6588   60
6275   57
3187   71
4284  100
3016   83
3584   81
3028  100
4338   68
5240   74
6416   75
2686  100
4110   74
3124   72
3093   86
2161   72
3509   48
2832   77
6953   61
6532   80
6934   81
6459   85
2238  100
2750   71
2444   99
4652   56
3063  100
6866   86
5589  100
4375   83
1514  100
5692   47
5729   77
2596   77
3177   73
3360   76
1199   84
1170   85
4076   81
4141   98
2864   70
5766   82
6423  100
2461   97
1107   90
4923   48
6004   79
4611   82
3478   64
3421   61
4862   92
3126   86
2496   92
1112   47
6527   59
2657   75
6222   75
4749   74
5585   88
2621   77
5584   91
6450  100
6813   82
6899   74
4989   78
4259   90
2898   87
3130   65
1843   64
1385   84
4043  100
2115   88
1908   88
3179   79
6478   72
1390   72
6188   61
2462  100
5151   85
2017   90
6570   89
6883   77
5517   63
4534   93
3938  100
6344   48
3417  100
6685   87
3415   78
1831   71
2319   74
4217   71
3601   93
6300   98
4857   72
4900   74
1563   90
6641  100
5354  100
6257   99
4155   83
1711   68
2248  100
2112   78
2583   71
4984   83
2422   77
1537   89
2206   83
1230  100
4822   78
5208   85
2257   86
3696  100
4818   74
2300  100
4307   80
1872   98
1644   85
4013   86
1122  100
3003   94
1469   63
5669   77
4135   84
6484   89
5015  100
3577   53
3160  100
5268   73
2162   93
5506   63
5673   79
2879   64
6161   79
2550   59
4092   87
4051  100
2361   80
1950  100
3407   76
3922   59
3185   68
3656   96
2837   99
5996  100
4737   84
5491  100
5817   74
3097   68
5259   79
2893   58
4457   82
1266   73
2077   88
4405   70
3987   97
2933   61
4105   72
5016   58
5784   69
4465   59
2102  100
6839   69
1903   59
2528   74
5981   87
3729   76
1835   51
6695   92
4073   50
1631   92
4109   75
6849   81
5819   49
4778   69
2355   75
6564   78
6029   79
6143   62
6761   49
3578   71
2752   63
6011   62
1405   64
3287   94
1439  100
6452   75
6582   86
1961  100
2310  100
4988  100
1075   55
5648   75
5508   87
3902   84
3487  100
4164   51
4485   68
5316   79
4586   53
5241   66
3826   83
1896   97
6064   79
1569   68
4685   61
4525   56
3801   74
1361   78
4295   90
2492   94
3619   84
5677   75
2170   89
1914   72
1525  100
3888   86
2658   66
4943   67
6502   75
5557   61
4935   82
2775   69
6897   73
1461  100
4688   61
1928   80
6172   67
6820   67
4470  100
6546   45
3511   85
4123   61
2347   64
3657   70
3133   71
5663   91
3689   89
3956   84
4210   66
3879   88
6814   72
4056  100
2883   87
2777   85
3350   81
2559   72
4508   70
6280   72
2107   81
2947   62
4204   39
6173   74
2008   61
6688   51
4554   76
6543   79
1981   92
1394   91
5014   72
3403   88
3139   64
6495   62
3120   80
4904   84
4206   64
4441   61
2810   66
2999   63
5580   79
5613   63
4558   65
5464   88
4246   79
2307   75
4454   72
5325   98
1573   78
1511   97
2585   74
2493  100
5247   89
2397   76
6251   85
4436   67
2250   79
4612   89
6216   91
2167   82
2989   82
5795   90
1470   96
4035   74
1329  100
6629   75
2763   77
3005   66
2896   73
4281   78
1674   87
6228   61
5809   89
5099   90
4678   90
6553  100
3030   81
6198   73
5298  100
1724   95
1921   72
2415   87
3159   84
6464   70
5800   90
5641   87
2873   58
5917   69
2350   90
6681   98
1651   66
3301   79
5383   92
3557   71
1491   60
5306   78
1725   66
5608   82
4424   81
3698  100
3024   93
2617   71
6733   67
3793   59
6400   66
3151   55
2774   88
3532   86
5509   73
1089   77
6235  100
1217   74
3385   73
4974   93
3683   91
4171   89
5028   84
5712   86
4653   65
5213   99
4394   71
2979   72
5550   78
2325   62
3804   84
3715   64
4305   68
4971   98
3316  100
4256   86
2364   93
6212   56
2618   72
4115   67
5524   65
4715   98
6893   76
3148  100
6747   87
6435  100
1995   91
5636   79
2474   93
4579   86
4744   68
4600   87
1289   83
2043   89
6309   91
5527   58
1827   80
3089   77
4146   83
4142  100
2838   88
4302   86
5068   79
4537   72
2333   86
3472   53
1436   76
5602   80
4950   82
1811   85
4068   84
2252   64
2619   77
4183   58
3984  100
6952   69
1437   87
6741   63
2798   88
1426   75
2122   46
4644   85
6386  100
4003   49
3771   85
4119   97
3482   99
1686   69
6496   82
2692   72
2620   90
6122   93
1502   68
4906   51
3080   55
3866   59
2557   59
4959   82
2465   70
2322   66
2410   67
6722   75
6709   86
2705   82
6098   90
2079   51
6069   79
6365   81
2629   77
5379  100
1383   89
6215   66
5303   88
1629   86
5914   69
4140   99
6067   48
5742   78
4635   79
5684  100
1564   52
5545   86
4549   54
6073   95
4162   76
5412   68
4924   71
4753   72
1036   65
2229   81
6828  100
4676   75
3012   80
1244   86
1506   58
4282   89
6530   84
1339   82
3803   78
1647   80
5174   74
2181   85
2020   97
6456   90
6475   84
4864   89
4877   59
6312   75
3303   73
3409   88
1952   84
1969   70
6676   83
2499   82
6461   83
1587   96
1669   82
6144   73
4416   83
2946   69
4591   87
1270   53
3746   66
6104   77
2890   63
4800   68
6349   76
3371   95
3134   63
6438  100
3560  100
3374   77
1991   92
4157   56
1620   76
5968   90
5786   87
6694   80
1561   89
3480  100
3009   77
2186   64
1857   80
1652   97
2806   95
4283   76
5558   79
5957   71
6510   95
6615  100
6868   58
4521  100
1533   88
3625  100
6403  100
3213   80
2908   96
3329   81
3945   50
3592   73
5744   85
5664   88
5440   72
5215   69
3972   78
3507   87
5710   87
2006   63
5148   80
3269   73
6669   92
2876   63
1485   87
2213   97
3976   51
2988   51
5626   80
1605   60
5559   62
3925   92
3855   85
4590   67
5431   86
3626  100
4531   98
1517   78
1775   51
5318   76
5261   76
2504   81
4448   95
3912   74
5053   91
5995  100
4190   52
4045   69
2968  100
1980   92
5352   91
5414   90
6854   87
3868   51
6178   70
6555   85
5820   91
4323   67
3335   86
4757   86
3015   57
2460  100
3447   92
4406   86
1846   94
1715   85
4789   37
5719   78
3440   94
4954   91
4696   85
6453  100
3916   90
6565   65
1552   61
5646   85
5502   63
2654   64
2480   88
2748   53
1130   70
3548   92
3376   77
5931   86
6061   65
6884   60
5845   60
4455   84
1350   91
1449   64
6637   86
4170   73
6389   71
5349   64
2007   97
5904  100
2542   78
1547   89
3168   75
4031   84
6877   89
3216   91
6905   91
5735   68
5654   77
3429   91
4151   77
3203   43
4178   53
3573   71
2135   82
1206   75
6444   78
5780   65
1144  100
4917   35
6740   86
2819   79
2278  100
2737   48
3962   59
6784   65
5577   54
3204   35
3989   94
5422   81
6501   77
5266   62
1974   75
6729   69
1309   89
4428  100
3200   74
2227   66
2195   87
3986   69
3226   83
5143  100
5829   91
6168   76
6088   95
4478   74
5112   94
2419   72
2501   69
3238   82
3730   77
5765   88
1709   93
5945   78
1177   68
1038   83
1797   76
6220   64
1088   92
5052   57
1838   74
3766   90
4257   90
5830  100
3571   64
4717   72
2969   46
6380   57
5953   82
2426  100
5031   91
3767   71
3510   89
3045   58
1243   69
3701   84
5617   91
4168   71
2336   83
4487   71
5183   78
4412   88
1354   91
4773   93
2042  100
6049   51
2886   88
5461   95
1494   94
2256   79
5430   92
3319   69
4814   50
6051   80
3537   85
4367   78
1924   63
1791   91
1891   98
4245   84
3937   76
2730   84
5150   86
5341   85
3379   69
3672   65
1264  100
5802   79
6841   58
5232   82
2612   91
2178   72
5924   83
5069   94
2516   72
4413   56
4905   96
2156   73
1529   68
4373   75
1429  100
4165   84
5520   82
5427   91
3118   77
1602   81
3808   88
6018   83
6904   78
4492   76
5942   69
5731   88
4901   77
2246   77
5749   60
1780   81
1247   91
6472   72
3748   72
3586   74
6855   70
2217   59
1539   72
1278   58
5975   96
4046   87
2343   65
5893   72
2631   95
1790   71
2866   68
2644   76
4392   69
3852   74
2022   82
4159   84
3416  100
2517   87
4150   59
5423   64
2532   83
6112   90
6767   55
6653   96
1227  100
5116   92
4175   82
6613   62
3840   75
5281   82
6802   80
1392   70
3749  100
1777   69
6800   80
6752  100
1854   78
4869   89
5823   66
6047   87
5113   69
1557   99
3145   96
1776   58
4040   78
1142   58
4224   71
6347  100
6455   63
6660  100
3117   70
3195   75
6396   78
3241   99
1304   80
5377   98
3670   85
2254   51
4942   72
1203   60
6483   74
2845   84
6247   63
4502   89
4837   87
1874   45
4026   68
3572   65
5002   70
5724   39
4266   80
4016   69
4319  100
1118   80
6960   82
3864   63
6487   97
5336   75
4017   81
3115   76
6152   82
3968   65
1151  100
3627   67
3963  100
5140   71
3934   65
1627   87
5324   83
4011   87
5541  100
3538   80
1723   87
3542   71
6311   87
3302   96
6759   82
1472   70
2924   75
1603   73
5082   76
6765   66
4059   57
4965   60
1211   85
4559   84
5101  100
2027   96
6316   69
4182  100
1977   91
1345   78
6412   74
1325   59
3210   94
1434   45
4009   56
3760   69
2143   77
4563   85
6888   84
2632   69
2155   77
3156   90
4839  100
6115   59
5071   95
2791   60
4684   75
4298   95
3726   83
5667   76
5335   62
5193   69
5838   86
1860  100
3267   85
4087   88
3228   93
4632   53
3240   79
1798   32
2963   80
3283   90
1665   83
4878  100
6187   77
3259   70
5906   94
3140  100
3815   77
6046   65
5460   67
4048   58
5885   81
5010   80
1297   79
4813   68
5899   89
3847   52
2606   71
4459   79
2902   89
1722   93
5059   85
1856   77
6053   68
2921   85
5666   88
4300   70
1259   76
3451   91
4139   92
5400   81
1468   78
2231   87
2099   82
1292   54
4921   42
6330   83
5892   54
6479   95
4617   73
1069   59
2851   83
6619   78
3558   70
6873   81
6397   70
1451   91
5571   99
3917   66
4229   83
1001   61
4589   49
3563   86
2262  100
6243  100
1783   62
5395   71
4064   97
4309   89
5167   94
1457   58
1418   94
2449   66
2374   49
3173   95
2456   63
4621   79
2745   99
3791  100
5220   94
2962   83
3331   65
4510   75
3570   82
2712   79
2045   70
1608   57
5037   75
4294   68
1989  100
2521   90
1133   84
1630  100
3575   72
5633   61
2137   77
5000   86
5057   66
4607   83
4398  100
6296   80
1560   84
3219   86
1425   91
5238   94
1298   92
2005   79
2624   94
6736   85
1450   71
3477   86
6395   74
4960   87
1925   71
1223   59
4461   96
4587   44
2523  100
4663   83
5017   87
1744  100
2765   96
2293   82
1046   88
5900   93
5898  100
1716   65
3127   99
5481   92
2645   84
1368   67
4843   59
3518   83
2193   87
5891   54
2574   87
2926   66
1572   90
3295   82
1248   84
6070   73
4657   67
4114   82
4215   73
6823   71
2717   99
3253   94
4371   75
3992   66
6044   61
4286   78
1149  100
5718   74
1538   80
6163   89
6783   84
1060   52
2684   86
2329   83
3346   73
4008   71
2359  100
3695   68
1342   82
1430   92
3568   77
1758   90
5623   81
3061   78
2243   89
2420   55
1398  100
1745   72
2120   72
1579   80
3671   81
5364   88
1467   96
6835   71
4997   87
3243   92
3051   56
2746   64
1920   76
6060   83
5043   62
2149   48
2035   69
6596   67
3496   68
4121   79
3285   75
1689   91
4745   82
1727   38
3340   58
3712   94
5694   84
5447  100
3266   74
5410   85
6939   94
6493   57
4727   76
5827   79
3278   93
1471  100
3004   56
6650   90
5788   95
5289   88
4381   72
2326   65
5034  100
1432   70
6232   63
1879  100
3471   87
4799   88
3611   79
3001   82
5219   98
3092   93
2661   58
2105   74
2390   85
1137   59
6063   92
2653   89
1795   77
5132   92
1747   78
6372   82
5162   76
6181   85
4819   69
1717   91
4083   94
6513  100
2241   76
6935   72
6938   67
5181  100
2290   82
4777   83
1616   74
3764   78
6199  100
2789   84
3516   59
2165   46
1510   80
6534   83
6697   94
3851   91
2209   75
1768   78
4938   87
5087   72
6499   78
1407   96
1231   80
5811  100
3505   82
3309   97
2275   87
5610   98
6265   96
2082   57
5490   71
6383   72
3224   75
2321   84
3579  100
3569   77
2546   91
6093   72
2551   90
3833   81
4475   77
3161   82
3361   69
2821   70
5008   87
2719   80
2829   65
2172   73
3525   81
5457   74
1596   60
5986   74
3616   74
4254   81
2226   93
3666   66
3659   50
3405  100
4619   55
5342   61
6030  100
2997  100
5088   98
1024   72
1580   99
4807   87
1197   67
3273   60
1355  100
2673   67
3677   77
3432   64
3443   89
1016   97
6319  100
1474  100
2825   75
3825   81
1458   48
4593   91
5618   76
6842   73
4409   77
5564   83
5592   71
5854   90
6789   79
3389   99
4166   91
6515   55
4863   87
5976   77
1205   81
1007   66
5390   75
1188   96
5565   65
4308   81
4925   71
2398  100
3386   84
5958   73
5236   79
6076  100
5058   90
3079   84
4391   95
3928  100
6640   76
5821   62
2824   56
3194   87
5468   71
1443   74
1053   75
6211   72
1789   74
5474   71
3180   79
1148   89
3830   74
2106   88
1876  100
1323   77
3688   77
4345   64
1882  100
2916   72
6225   81
1097   61
5562   82
6182  100
5894   73
6923   92
1892   87
6943   68
2096   93
5301  100
6889  100
4833   85
1121   78
3446   88
6711   74
1272   77
1050   85
4564   84
1312   70
6666  100
5978   52
6248   60
5644   63
4718   66
2667   95
2694  100
6563  100
6117  100
3002   63
5843   83
1923   84
5658   63
6408  100
4191   76
3104   71
4576   66
4134   95
5105   85
1295   83
4761   74
3703   81
3383   68
3779   66
2754  100
6917   42
4775   92
3418   76
6947   61
5503   68
1098   74
3344   80
5312   58
1411   79
1886   71
2059   55
4710   66
1103   61
3485   77
6516   74
1433   87
1859   87
3603   67
4200   70
5998   66
2084   69
4331   99
5188   83
4527   74
3768   88
6259   96
1792   74
4835   71
2097   73
6366   71
6430   95
1164   60
1738   90
6261   75
2691   70
4513  100
6692   87
1044   95
6601   72
2679   80
3222   75
1598   78
6213   87
6027   52
5587   78
6017   53
1299   89
2297   89
4364   60
6458  100
5124   77
6769   73
2912   93
2743   96
6335   73
4651   70
5655   94
6773   57
1979   88
3102   46
1396   75
6607   71
5049   72
1084   95
5686   68
1848   80
6194   88
1728   94
6620  100
5038   67
1612  100
5969   73
2722   90
5334   62
4029   83
6836   84
6200   76
3263   86
3359   91
4820  100
2264   77
3576  100
3907  100
4488   67
4352   97
4181   79
5982   68
6477  100
3441   68
3810   54
6065   82
2659   57
1690   74
2589   71
2100   60
1045   69
6944   96
2406   70
1445   56
4692  100
2844   66
6894   72
2142   87
5185   89
5415   99
6101   76
5125   88
2023   66
4006   84
2614   70
2627   86
4918   65
2179   82
6440   84
1868   96
2615   87
5679   77
6633   45
2091   78
4312   96
5294   51
5487   95
5549   82
4085   92
1447   84
2354   92
4347   77
4222   78
5689   49
1624   76
4019   69
5593   79
2271   83
6322   83
1414   83
6881   54
2062   68
6924   97
6426   84
1866   86
1736   51
6374   67
2349  100
5678   57
5420   81
5569   79
6851   99
5374   87
4388   59
1528   65
2400   60
4620  100
4126   91
1422   78
1773   87
4978   65
2240   72
1058   50
2778   69
6567   82
6936   84
2483   77
3034   66
4184   66
3661  100
4432   77
6808   54
6758   97
4243   63
4080  100
5217   80
1043   98
6333   60
4578   92
6303   78
2470   82
4580  100
6342   94
5680   85
1373   86
6879   89
5758   92
4895   82
1763   37
5785   63
4255   78
1551   82
5501   91
5740   97
6327   76
5006  100
3842  100
3483   67
5192   71
6281   81
4859   83
4285   76
4379   87
6908   60
1316  100
3936   87
4240   84
5515   61
3066   91
3073   68
5438   51
5935   79
4940   69
3550   71
5676   72
6663   75
6686   67
5199   80
4028   78
6454   90
2110   85
3728   65
5020   78
5004   91
3276   63
4429   69
5965   70
4280   69
4730   92
5262   94
3343   93
3674   67
1823   83
3933   93
3163   86
4845   76
2003   72
2688   68
6612   76
5876   73
2687   72
3050  100
6050   73
3468   87
4577  100
3692   69
1881   59
2634   83
1906   87
6150   67
2741   84
4421   83
5467   81
5437   92
6103   97
4827  100
3993  100
5683   87
6068  100
5375   86
4344   82
4161  100
4955   57
4769   73
5649   61
2239   61
4858   72
2956  100
1812   67
3669   91
1822   84
2675   76
1801   56
2396   99
1917   79
2935   87
3212   99
5397   88
4562   94
5886   75
4384   63
